Innings,Over,Teamname,Batsman,Bowler,Non-striker,Runs,Wicket,Total
1,0.1,Sunrisers Hyderabad,DA Warner,NM Coulter-Nile,S Dhawan,0,0,0
1,0.2,Sunrisers Hyderabad,DA Warner,NM Coulter-Nile,S Dhawan,1,0,1
1,0.3,Sunrisers Hyderabad,S Dhawan,NM Coulter-Nile,DA Warner,0,0,1
1,0.4,Sunrisers Hyderabad,S Dhawan,NM Coulter-Nile,DA Warner,0,0,1
1,0.5,Sunrisers Hyderabad,S Dhawan,NM Coulter-Nile,DA Warner,6,0,7
1,0.6,Sunrisers Hyderabad,S Dhawan,NM Coulter-Nile,DA Warner,1,0,8
1,1.1,Sunrisers Hyderabad,DA Warner,UT Yadav,S Dhawan,0,0,8
1,1.2,Sunrisers Hyderabad,DA Warner,UT Yadav,S Dhawan,0,0,8
1,1.3,Sunrisers Hyderabad,DA Warner,UT Yadav,S Dhawan,1,0,9
1,1.4,Sunrisers Hyderabad,S Dhawan,UT Yadav,DA Warner,1,0,10
1,1.5,Sunrisers Hyderabad,DA Warner,UT Yadav,S Dhawan,2,0,12
1,1.6,Sunrisers Hyderabad,DA Warner,UT Yadav,S Dhawan,1,0,13
1,2.1,Sunrisers Hyderabad,S Dhawan,CR Woakes,DA Warner,0,0,13
1,2.2,Sunrisers Hyderabad,S Dhawan,CR Woakes,DA Warner,0,0,13
1,2.3,Sunrisers Hyderabad,S Dhawan,CR Woakes,DA Warner,2,0,15
1,2.4,Sunrisers Hyderabad,S Dhawan,CR Woakes,DA Warner,1,0,16
1,2.5,Sunrisers Hyderabad,DA Warner,CR Woakes,S Dhawan,4,0,20
1,2.6,Sunrisers Hyderabad,DA Warner,CR Woakes,S Dhawan,1,0,21
1,3.1,Sunrisers Hyderabad,S Dhawan,YK Pathan,DA Warner,0,0,21
1,3.2,Sunrisers Hyderabad,S Dhawan,YK Pathan,DA Warner,1,0,22
1,3.3,Sunrisers Hyderabad,DA Warner,YK Pathan,S Dhawan,1,0,23
1,3.4,Sunrisers Hyderabad,S Dhawan,YK Pathan,DA Warner,1,0,24
1,3.5,Sunrisers Hyderabad,DA Warner,YK Pathan,S Dhawan,1,0,25
1,3.6,Sunrisers Hyderabad,S Dhawan,YK Pathan,DA Warner,1,0,26
1,4.1,Sunrisers Hyderabad,DA Warner,SP Narine,S Dhawan,1,0,27
1,4.2,Sunrisers Hyderabad,S Dhawan,SP Narine,DA Warner,3,0,30
1,4.3,Sunrisers Hyderabad,DA Warner,SP Narine,S Dhawan,0,0,30
1,4.4,Sunrisers Hyderabad,DA Warner,SP Narine,S Dhawan,0,0,30
1,4.5,Sunrisers Hyderabad,DA Warner,SP Narine,S Dhawan,1,0,31
1,4.6,Sunrisers Hyderabad,S Dhawan,SP Narine,DA Warner,4,0,35
1,5.1,Sunrisers Hyderabad,DA Warner,Kuldeep Yadav,S Dhawan,1,0,36
1,5.2,Sunrisers Hyderabad,S Dhawan,Kuldeep Yadav,DA Warner,0,0,36
1,5.3,Sunrisers Hyderabad,S Dhawan,Kuldeep Yadav,DA Warner,1,0,37
1,5.4,Sunrisers Hyderabad,DA Warner,Kuldeep Yadav,S Dhawan,1,0,38
1,5.5,Sunrisers Hyderabad,S Dhawan,Kuldeep Yadav,DA Warner,0,0,38
1,5.6,Sunrisers Hyderabad,S Dhawan,Kuldeep Yadav,DA Warner,0,0,38
1,6.1,Sunrisers Hyderabad,DA Warner,NM Coulter-Nile,S Dhawan,0,0,38
1,6.2,Sunrisers Hyderabad,DA Warner,NM Coulter-Nile,S Dhawan,0,0,38
1,6.3,Sunrisers Hyderabad,DA Warner,NM Coulter-Nile,S Dhawan,0,1,38
1,6.4,Sunrisers Hyderabad,KS Williamson,NM Coulter-Nile,S Dhawan,0,0,38
1,6.5,Sunrisers Hyderabad,KS Williamson,NM Coulter-Nile,S Dhawan,0,0,38
1,6.6,Sunrisers Hyderabad,KS Williamson,NM Coulter-Nile,S Dhawan,1,0,39
1,7.1,Sunrisers Hyderabad,S Dhawan,UT Yadav,KS Williamson,0,0,39
1,7.2,Sunrisers Hyderabad,S Dhawan,UT Yadav,KS Williamson,0,0,39
1,7.3,Sunrisers Hyderabad,S Dhawan,UT Yadav,KS Williamson,4,0,43
1,7.4,Sunrisers Hyderabad,S Dhawan,UT Yadav,KS Williamson,4,0,47
1,7.5,Sunrisers Hyderabad,S Dhawan,UT Yadav,KS Williamson,1,0,48
1,7.6,Sunrisers Hyderabad,KS Williamson,UT Yadav,S Dhawan,0,0,48
1,8.1,Sunrisers Hyderabad,S Dhawan,CR Woakes,KS Williamson,0,1,48
1,8.2,Sunrisers Hyderabad,Yuvraj Singh,CR Woakes,KS Williamson,0,0,48
1,8.3,Sunrisers Hyderabad,Yuvraj Singh,CR Woakes,KS Williamson,1,0,49
1,8.4,Sunrisers Hyderabad,KS Williamson,CR Woakes,Yuvraj Singh,0,0,49
1,8.5,Sunrisers Hyderabad,KS Williamson,CR Woakes,Yuvraj Singh,2,0,51
1,8.6,Sunrisers Hyderabad,KS Williamson,CR Woakes,Yuvraj Singh,0,0,51
1,9.1,Sunrisers Hyderabad,Yuvraj Singh,YK Pathan,KS Williamson,1,0,52
1,9.2,Sunrisers Hyderabad,KS Williamson,YK Pathan,Yuvraj Singh,1,0,53
1,9.3,Sunrisers Hyderabad,Yuvraj Singh,YK Pathan,KS Williamson,1,0,54
1,9.4,Sunrisers Hyderabad,KS Williamson,YK Pathan,Yuvraj Singh,0,0,54
1,9.5,Sunrisers Hyderabad,KS Williamson,YK Pathan,Yuvraj Singh,1,0,55
1,9.6,Sunrisers Hyderabad,Yuvraj Singh,YK Pathan,KS Williamson,1,0,56
1,10.1,Sunrisers Hyderabad,KS Williamson,SP Narine,Yuvraj Singh,1,0,57
1,10.2,Sunrisers Hyderabad,Yuvraj Singh,SP Narine,KS Williamson,2,0,59
1,10.3,Sunrisers Hyderabad,Yuvraj Singh,SP Narine,KS Williamson,0,0,59
1,10.4,Sunrisers Hyderabad,Yuvraj Singh,SP Narine,KS Williamson,0,0,59
1,10.5,Sunrisers Hyderabad,Yuvraj Singh,SP Narine,KS Williamson,0,0,59
1,10.6,Sunrisers Hyderabad,Yuvraj Singh,SP Narine,KS Williamson,6,0,65
1,11.1,Sunrisers Hyderabad,KS Williamson,Kuldeep Yadav,Yuvraj Singh,1,0,66
1,11.2,Sunrisers Hyderabad,Yuvraj Singh,Kuldeep Yadav,KS Williamson,4,0,70
1,11.3,Sunrisers Hyderabad,Yuvraj Singh,Kuldeep Yadav,KS Williamson,1,0,71
1,11.4,Sunrisers Hyderabad,KS Williamson,Kuldeep Yadav,Yuvraj Singh,1,0,72
1,11.5,Sunrisers Hyderabad,Yuvraj Singh,Kuldeep Yadav,KS Williamson,4,0,76
1,11.6,Sunrisers Hyderabad,Yuvraj Singh,Kuldeep Yadav,KS Williamson,0,0,76
1,12.1,Sunrisers Hyderabad,KS Williamson,NM Coulter-Nile,Yuvraj Singh,2,0,78
1,12.2,Sunrisers Hyderabad,KS Williamson,NM Coulter-Nile,Yuvraj Singh,0,1,78
1,12.3,Sunrisers Hyderabad,KS Williamson,NM Coulter-Nile,Yuvraj Singh,0,1,78
1,12.4,Sunrisers Hyderabad,KS Williamson,NM Coulter-Nile,Yuvraj Singh,0,1,78
1,12.5,Sunrisers Hyderabad,KS Williamson,NM Coulter-Nile,Yuvraj Singh,0,1,78
1,12.6,Sunrisers Hyderabad,KS Williamson,NM Coulter-Nile,Yuvraj Singh,0,1,78
1,13.1,Sunrisers Hyderabad,KS Williamson,UT Yadav,Yuvraj Singh,1,0,79
1,13.2,Sunrisers Hyderabad,Yuvraj Singh,UT Yadav,KS Williamson,6,0,85
1,13.3,Sunrisers Hyderabad,Yuvraj Singh,UT Yadav,KS Williamson,4,0,89
1,13.4,Sunrisers Hyderabad,Yuvraj Singh,UT Yadav,KS Williamson,6,0,95
1,13.5,Sunrisers Hyderabad,Yuvraj Singh,UT Yadav,KS Williamson,2,0,97
1,13.6,Sunrisers Hyderabad,Yuvraj Singh,UT Yadav,KS Williamson,0,0,97
1,14.1,Sunrisers Hyderabad,KS Williamson,CR Woakes,Yuvraj Singh,1,0,98
1,14.2,Sunrisers Hyderabad,Yuvraj Singh,CR Woakes,KS Williamson,0,0,98
1,14.3,Sunrisers Hyderabad,Yuvraj Singh,CR Woakes,KS Williamson,2,0,100
1,14.4,Sunrisers Hyderabad,Yuvraj Singh,CR Woakes,KS Williamson,0,1,100
1,14.5,Sunrisers Hyderabad,Yuvraj Singh,CR Woakes,KS Williamson,0,1,100
1,14.6,Sunrisers Hyderabad,Yuvraj Singh,CR Woakes,KS Williamson,0,1,100
2,0.1,Kolkata Knight Riders,SP Narine,B Kumar,G Gambhir,0,0,0
2,0.2,Kolkata Knight Riders,SP Narine,B Kumar,G Gambhir,1,0,1
2,0.3,Kolkata Knight Riders,G Gambhir,B Kumar,SP Narine,0,0,1
2,0.4,Kolkata Knight Riders,G Gambhir,B Kumar,SP Narine,0,0,1
2,0.5,Kolkata Knight Riders,G Gambhir,B Kumar,SP Narine,1,0,2
2,0.6,Kolkata Knight Riders,SP Narine,B Kumar,G Gambhir,0,0,2
2,1.1,Kolkata Knight Riders,G Gambhir,Mohammed Siraj,SP Narine,1,0,3
2,1.2,Kolkata Knight Riders,SP Narine,Mohammed Siraj,G Gambhir,1,0,4
2,1.3,Kolkata Knight Riders,G Gambhir,Mohammed Siraj,SP Narine,4,0,8
2,1.4,Kolkata Knight Riders,G Gambhir,Mohammed Siraj,SP Narine,1,0,9
2,1.5,Kolkata Knight Riders,SP Narine,Mohammed Siraj,G Gambhir,1,0,10
2,1.6,Kolkata Knight Riders,G Gambhir,Mohammed Siraj,SP Narine,0,0,10
2,2.1,Kolkata Knight Riders,SP Narine,S Kaul,G Gambhir,1,0,11
2,2.2,Kolkata Knight Riders,G Gambhir,S Kaul,SP Narine,1,0,12
2,2.3,Kolkata Knight Riders,SP Narine,S Kaul,G Gambhir,4,0,16
2,2.4,Kolkata Knight Riders,SP Narine,S Kaul,G Gambhir,0,0,16
2,2.5,Kolkata Knight Riders,SP Narine,S Kaul,G Gambhir,2,0,18
2,2.6,Kolkata Knight Riders,SP Narine,S Kaul,G Gambhir,0,1,18
2,3.1,Kolkata Knight Riders,RV Uthappa,MC Henriques,G Gambhir,0,0,18
2,3.2,Kolkata Knight Riders,RV Uthappa,MC Henriques,G Gambhir,1,0,19
2,3.3,Kolkata Knight Riders,G Gambhir,MC Henriques,RV Uthappa,0,0,19
2,3.4,Kolkata Knight Riders,G Gambhir,MC Henriques,RV Uthappa,4,0,23
2,3.5,Kolkata Knight Riders,G Gambhir,MC Henriques,RV Uthappa,1,0,24
2,3.6,Kolkata Knight Riders,RV Uthappa,MC Henriques,G Gambhir,0,0,24
2,4.1,Kolkata Knight Riders,G Gambhir,Rashid Khan,RV Uthappa,0,0,24
2,4.2,Kolkata Knight Riders,G Gambhir,Rashid Khan,RV Uthappa,1,0,25
2,4.3,Kolkata Knight Riders,RV Uthappa,Rashid Khan,G Gambhir,0,0,25
2,4.4,Kolkata Knight Riders,RV Uthappa,Rashid Khan,G Gambhir,4,0,29
2,4.5,Kolkata Knight Riders,RV Uthappa,Rashid Khan,G Gambhir,1,0,30
2,4.6,Kolkata Knight Riders,G Gambhir,Rashid Khan,RV Uthappa,0,0,30
2,5.1,Kolkata Knight Riders,RV Uthappa,Bipul Sharma,G Gambhir,1,0,31
2,5.2,Kolkata Knight Riders,G Gambhir,Bipul Sharma,RV Uthappa,1,0,32
2,5.3,Kolkata Knight Riders,RV Uthappa,Bipul Sharma,G Gambhir,1,0,33
2,5.4,Kolkata Knight Riders,G Gambhir,Bipul Sharma,RV Uthappa,1,0,34
2,5.5,Kolkata Knight Riders,RV Uthappa,Bipul Sharma,G Gambhir,0,0,34
2,5.6,Kolkata Knight Riders,RV Uthappa,Bipul Sharma,G Gambhir,0,0,34
2,6.1,Kolkata Knight Riders,G Gambhir,B Kumar,RV Uthappa,0,0,34
2,6.2,Kolkata Knight Riders,G Gambhir,B Kumar,RV Uthappa,0,0,34
2,6.3,Kolkata Knight Riders,G Gambhir,B Kumar,RV Uthappa,1,0,35
2,6.4,Kolkata Knight Riders,RV Uthappa,B Kumar,G Gambhir,0,0,35
2,6.5,Kolkata Knight Riders,RV Uthappa,B Kumar,G Gambhir,0,0,35
2,6.6,Kolkata Knight Riders,RV Uthappa,B Kumar,G Gambhir,4,0,39
2,7.1,Kolkata Knight Riders,G Gambhir,Mohammed Siraj,RV Uthappa,0,1,39
2,7.2,Kolkata Knight Riders,MK Pandey,Mohammed Siraj,RV Uthappa,0,0,39
2,7.3,Kolkata Knight Riders,MK Pandey,Mohammed Siraj,RV Uthappa,6,0,45
2,7.4,Kolkata Knight Riders,MK Pandey,Mohammed Siraj,RV Uthappa,0,0,45
2,7.5,Kolkata Knight Riders,MK Pandey,Mohammed Siraj,RV Uthappa,6,0,51
2,7.6,Kolkata Knight Riders,MK Pandey,Mohammed Siraj,RV Uthappa,0,1,51
2,8.1,Kolkata Knight Riders,YK Pathan,S Kaul,RV Uthappa,0,0,51
2,8.2,Kolkata Knight Riders,YK Pathan,S Kaul,RV Uthappa,1,0,52
2,8.3,Kolkata Knight Riders,RV Uthappa,S Kaul,YK Pathan,4,0,56
2,8.4,Kolkata Knight Riders,RV Uthappa,S Kaul,YK Pathan,1,0,57
2,8.5,Kolkata Knight Riders,YK Pathan,S Kaul,RV Uthappa,1,0,58
2,8.6,Kolkata Knight Riders,RV Uthappa,S Kaul,YK Pathan,0,0,58
2,9.1,Kolkata Knight Riders,YK Pathan,MC Henriques,RV Uthappa,4,0,62
2,9.2,Kolkata Knight Riders,YK Pathan,MC Henriques,RV Uthappa,1,0,63
2,9.3,Kolkata Knight Riders,RV Uthappa,MC Henriques,YK Pathan,1,0,64
2,9.4,Kolkata Knight Riders,YK Pathan,MC Henriques,RV Uthappa,1,0,65
2,9.5,Kolkata Knight Riders,RV Uthappa,MC Henriques,YK Pathan,0,0,65
2,9.6,Kolkata Knight Riders,RV Uthappa,MC Henriques,YK Pathan,4,0,69
2,10.1,Kolkata Knight Riders,YK Pathan,Rashid Khan,RV Uthappa,1,0,70
2,10.2,Kolkata Knight Riders,RV Uthappa,Rashid Khan,YK Pathan,1,0,71
2,10.3,Kolkata Knight Riders,YK Pathan,Rashid Khan,RV Uthappa,4,0,75
2,10.4,Kolkata Knight Riders,YK Pathan,Rashid Khan,RV Uthappa,1,0,76
2,10.5,Kolkata Knight Riders,RV Uthappa,Rashid Khan,YK Pathan,0,1,76
2,10.6,Kolkata Knight Riders,SP Jackson,Rashid Khan,YK Pathan,0,0,76
2,11.1,Kolkata Knight Riders,YK Pathan,Bipul Sharma,SP Jackson,2,0,78
2,11.2,Kolkata Knight Riders,YK Pathan,Bipul Sharma,SP Jackson,2,0,80
2,11.3,Kolkata Knight Riders,YK Pathan,Bipul Sharma,SP Jackson,2,0,82
2,11.4,Kolkata Knight Riders,YK Pathan,Bipul Sharma,SP Jackson,2,0,84
2,11.5,Kolkata Knight Riders,YK Pathan,Bipul Sharma,SP Jackson,2,0,86
2,11.6,Kolkata Knight Riders,YK Pathan,Bipul Sharma,SP Jackson,2,0,88
2,12.1,Kolkata Knight Riders,SP Jackson,B Kumar,YK Pathan,0,0,88
2,12.2,Kolkata Knight Riders,SP Jackson,B Kumar,YK Pathan,1,0,89
2,12.3,Kolkata Knight Riders,YK Pathan,B Kumar,SP Jackson,1,0,90
2,12.4,Kolkata Knight Riders,SP Jackson,B Kumar,YK Pathan,0,0,90
2,12.5,Kolkata Knight Riders,SP Jackson,B Kumar,YK Pathan,0,0,90
2,12.6,Kolkata Knight Riders,SP Jackson,B Kumar,YK Pathan,0,1,90
2,13.1,Kolkata Knight Riders,C de Grandhomme,Mohammed Siraj,YK Pathan,3,0,93
2,13.2,Kolkata Knight Riders,YK Pathan,Mohammed Siraj,C de Grandhomme,0,0,93
2,13.3,Kolkata Knight Riders,YK Pathan,Mohammed Siraj,C de Grandhomme,1,0,94
2,13.4,Kolkata Knight Riders,C de Grandhomme,Mohammed Siraj,YK Pathan,2,0,96
2,13.5,Kolkata Knight Riders,C de Grandhomme,Mohammed Siraj,YK Pathan,3,0,99
2,13.6,Kolkata Knight Riders,YK Pathan,Mohammed Siraj,C de Grandhomme,4,0,103
